0	0
0	1
0	2
1	3
2	0
2	4
2	5
3	6
3	5
3	7
3	8
3	9
3	0
4	9
4	7
4	5
5	10
5	11
5	12
6	13
7	14
7	15
8	16
8	17
8	15
9	18
9	19
9	20
10	5
10	21
10	7
10	22
10	9
11	23
11	24
11	25
11	26
11	27
11	28
11	29
11	30
12	24
12	23
12	25
12	26
12	27
12	28
12	29
13	7
13	9
13	5
14	7
15	31
15	32
15	33
15	34
15	29
16	35
16	36
17	37
17	38
18	32
18	31
18	33
18	34
18	29
19	0
19	4
20	39
21	23
21	24
21	25
21	27
21	28
21	29
21	30
22	40
22	41
22	42
23	37
23	38
23	43
23	44
24	14
24	15
25	45
25	46
26	47
26	48
26	49
26	50
27	51
27	15
28	52
29	0
29	4
30	53
30	54
31	55
31	56
31	57
32	58
32	59
33	9
33	7
33	5
34	6
34	8
34	0
35	23
35	24
35	25
35	28
35	29
36	15
37	60
37	0
38	4
38	0
39	38
40	61
40	62
41	0
42	63
43	64
43	33
43	23
43	29
44	65
45	37
45	43
45	44
45	38
46	0
47	39
47	66
48	67
48	23
48	68
48	33
48	29
49	58
49	59
50	50
51	69
52	17
52	51
52	15
53	70
54	5
54	7
55	71
55	72
55	73
55	74
55	75
55	76
56	77
56	61
57	71
57	76
57	73
57	78
58	79
59	80
59	81
60	82
60	83
60	84
60	85
61	48
61	47
61	50
62	86
62	87
63	31
63	64
63	32
63	33
63	34
63	29
64	88
64	32
64	5
64	9
65	89
66	90
66	64
66	91
66	23
66	29
67	38
67	92
68	92
69	14
69	17
70	90
70	64
70	23
70	33
70	29
71	93
71	94
72	95
72	96
72	29
73	38
73	37
73	43
73	44
73	92
74	7
75	97
75	98
76	39
76	99
77	100
77	61
78	101
78	102
79	4
79	0
80	103
80	104
81	88
81	9
81	7
81	105
81	5
82	51
82	15
83	106
83	107
84	108
84	93
84	94
84	109
84	110
85	111
85	112
85	95
86	113
87	10
87	12
88	114
88	115
88	116
89	117
89	70
89	118
89	119
90	120
90	121
90	122
91	123
91	124
91	125
92	29
92	23
92	67
92	64
92	68
92	126
93	90
93	23
93	64
93	33
93	29
94	127
94	128
94	129
95	17
96	37
96	38
96	43
97	130
97	131
97	132
97	132
97	133
97	134
98	93
98	94
99	96
99	95
100	135
100	12
100	10
101	71
101	136
101	76
102	137
102	138
102	139
103	29
103	23
103	140
103	64
103	90
104	118
104	141
104	70
105	142
106	15
107	4
107	0
108	37
108	38
109	143
109	101
109	61
110	144
111	145
111	146
111	147
112	148
112	149
113	150
113	151
113	152
114	153
115	4
115	0
115	154
116	147
116	155
116	145
117	92
117	38
118	156
118	157
119	155
119	145
120	158
121	159
121	160
122	64
122	90
122	23
122	33
122	29
123	79
123	161
123	162
123	163
124	101
124	0
125	137
125	164
126	0
126	61
126	10
127	95
128	71
128	76
128	165
128	166
129	18
129	167
129	20
130	61
130	0
131	168
131	169
131	170
131	171
132	172
132	173
133	17
134	19
134	174
134	175
135	51
136	29
136	23
136	64
136	90
137	145
137	176
138	14
138	17
139	177
139	0
140	136
140	178
140	76
140	71
141	179
142	171
142	170
142	169
143	71
143	180
143	76
143	78
144	181
144	182
145	183
145	184
146	185
147	186
148	187
148	188
149	111
149	37
149	95
150	189
151	82
151	190
151	191
151	192
151	84
152	193
152	194
153	195
153	196
154	197
154	198
155	199
155	200
155	201
155	202
156	130
156	132
156	95
157	203
157	61
158	204
159	205
159	206
159	68
159	29
160	207
161	208
161	209
161	210
162	211
162	212
163	213
163	214
163	215
163	216
164	217
164	211
165	76
165	78
165	71
166	148
166	204
167	218
167	219
167	220
167	221
167	222
168	159
168	160
169	223
169	224
170	225
171	5
171	162
171	226
172	161
172	227
172	163
173	14
173	17
173	15
174	228
175	177
176	199
176	201
177	14
177	17
177	229
178	71
178	136
178	230
178	231
179	4
179	154
179	0
180	232
181	98
182	5
182	9
182	33
183	177
184	233
185	93
185	94
186	234
186	17
187	130
187	132
187	235
187	134
187	133
188	5
188	226
189	23
189	90
189	64
189	33
189	29
190	236
190	61
191	237
191	238
191	239
192	161
192	227
192	163
193	141
193	118
193	70
193	119
193	125
193	240
194	241
195	29
195	23
195	64
195	31
196	69
197	242
198	195
198	196
199	111
199	112
199	95
200	112
200	95
201	17
201	14
201	229
202	37
202	43
202	243
203	244
203	245
204	205
204	206
204	68
204	246
204	29
205	7
205	5
206	247
206	248
206	249
206	250
206	109
207	251
207	252
207	253
208	254
209	112
209	95
210	61
210	255
211	256
211	257
211	258
212	4
212	0
213	259
213	260
213	261
213	50
214	262
214	263
214	264
215	50
215	49
216	162
216	5
216	226
217	265
218	232
219	90
219	64
219	91
219	23
219	29
220	64
220	91
220	90
220	29
221	266
222	78
222	267
222	76
222	71
223	125
223	141
223	268
223	70
224	269
224	50
225	270
225	271
225	272
226	112
226	95
227	273
227	274
227	145
228	90
228	64
228	91
228	23
228	29
229	64
229	90
229	126
229	23
229	140
229	29
230	29
230	64
230	90
230	23
231	275
231	276
231	277
231	278
231	279
232	280
232	20
232	19
232	18
233	281
234	282
234	283
235	284
236	228
237	38
237	92
238	285
239	61
240	286
240	87
241	101
242	61
243	287
244	288
244	289
245	247
245	69
246	290
247	145
248	291
248	292
249	293
249	136
249	71
249	76
250	163
250	161
250	227
251	29
252	64
252	90
252	140
252	29
253	8
253	294
253	295
254	18
254	296
254	20
255	38
256	38
257	0
258	275
258	276
259	297
259	298
259	50
259	255
259	61
260	70
260	268
260	125
261	4
261	0
262	299
262	300
263	301
263	254
264	302
264	303
264	304
264	305
264	10
264	12
265	5
266	78
266	76
266	71
267	211
267	217
267	306
268	90
268	64
268	23
268	33
268	29
269	37
269	243
269	307
270	308
270	182
271	288
271	289
272	159
273	286
273	87
274	309
274	310
274	311
275	211
275	312
275	212
276	313
277	293
277	136
277	76
277	71
278	244
278	245
279	314
280	204
280	50
281	100
281	61
281	236
282	172
282	315
282	173
283	47
283	204
283	48
283	50
284	316
284	317
285	318
285	319
285	320
286	321
286	322
287	51
288	323
288	324
289	29
289	23
289	140
289	64
289	90
290	325
290	326
291	228
292	327
292	328
292	329
292	330
293	331
294	182
295	284
295	332
296	333
296	334
297	335
297	336
297	337
298	338
298	50
299	4
299	0
300	284
300	339
301	38
301	92
302	145
303	4
303	0
304	340
305	0
306	341
306	342
306	343
307	8
307	0
307	294
307	6
308	111
308	112
308	95
309	344
309	45
309	46
310	14
310	246
310	15
311	9
311	5
311	345
312	182
312	181
313	142
314	5
315	136
315	178
315	71
315	76
316	69
316	236
316	61
317	346
318	347
318	348
319	349
320	13
321	350
322	351
323	0
323	352
324	286
324	87
325	353
325	354
325	355
325	356
326	357
326	17
327	182
327	181
328	358
328	359
329	90
329	64
329	140
329	23
329	29
330	360
330	17
330	361
330	229
331	38
332	61
332	362
333	347
333	348
334	5
334	226
334	9
335	50
335	363
336	17
336	14
337	32
337	9
337	5
338	7
339	327
339	328
339	330
339	329
340	364
340	365
340	10
340	366
340	367
341	368
341	369
342	61
343	4
343	0
344	370
344	371
345	161
345	227
345	163
346	372
346	373
347	204
347	50
348	118
348	374
348	375
349	37
349	243
349	307
350	376
350	61
351	14
351	17
351	15
352	181
352	377
352	182
353	82
353	190
353	83
353	84
354	286
354	87
355	165
355	76
355	71
356	5
356	232
356	9
357	378
357	101
357	102
358	17
358	14
359	305
360	379
361	14
361	380
362	29
362	90
363	108
363	93
363	94
363	109
363	110
364	371
364	370
365	90
365	64
365	29
366	171
366	168
367	381
368	69
368	61
369	162
369	5
369	226
370	0
370	382
371	207
372	383
372	384
373	100
373	61
374	5
374	9
375	295
375	294
375	8
376	17
377	145
377	385
377	386
378	286
378	87
379	141
379	387
379	388
379	102
380	389
381	390
381	139
382	52
383	285
384	284
384	332
385	186
386	391
386	137
387	71
387	392
387	293
387	393
387	394
388	118
388	395
388	396
389	51
389	397
390	398
390	354
390	356
391	399
392	400
392	289
393	401
393	402
394	23
394	64
394	90
394	29
395	64
395	90
395	126
395	23
395	140
395	29
396	82
396	403
396	190
396	83
396	84
397	206
397	205
397	68
397	29
398	112
398	95
399	130
399	132
400	404
400	405
401	90
401	64
401	91
401	23
401	29
402	406
402	407
402	408
402	409
402	410
403	50
403	313
404	411
404	211
405	130
405	132
406	412
406	15
407	413
407	414
408	415
409	136
409	293
409	71
409	76
410	64
410	91
410	90
410	29
411	416
411	417
412	264
412	263
412	262
413	418
413	419
413	76
413	420
414	421
414	422
414	423
415	204
415	50
416	395
416	396
417	424
417	419
417	425
417	426
417	76
418	427
418	428
419	352
419	0
420	429
421	266
422	393
422	293
422	71
423	163
423	227
423	161
424	14
424	380
425	430
426	431
427	91
427	90
427	64
427	29
428	90
428	64
428	140
428	29
429	130
429	132
429	134
430	432
430	433
430	10
430	12
431	288
431	289
432	0
432	434
433	393
433	392
433	71
434	435
435	377
435	436
436	321
436	322
437	437
437	438
438	439
438	201
439	440
440	191
440	82
440	441
441	325
441	442
441	326
441	443
442	199
442	201
443	444
443	445
443	132
444	446
444	447
445	448
445	207
445	449
446	186
446	351
446	372
447	450
447	451
447	14
448	351
448	452
449	205
449	453
449	29
450	80
451	172
452	0
452	1
453	454
454	406
454	455
454	407
454	456
454	408
454	409
454	410
455	457
455	458
455	459
455	460
455	461
455	462
456	463
457	305
458	464
458	465
458	466
458	29
459	0
460	29
460	23
460	24
460	64
460	90
460	28
461	467
462	371
462	370
462	163
463	165
463	87
463	76
463	286
464	468
464	145
465	347
465	348
466	282
466	469
466	470
466	471
467	172
468	472
469	346
470	293
470	393
470	71
471	473
471	474
471	475
472	476
472	477
472	10
472	366
472	367
473	112
473	80
473	95
474	17
474	478
475	165
475	87
475	76
476	479
477	480
478	481
478	82
478	190
478	83
478	84
479	0
480	350
480	482
481	90
481	64
481	91
481	23
481	483
481	29
482	484
482	485
483	486
483	487
484	488
484	489
485	325
486	490
486	491
487	285
488	411
488	211
488	492
489	91
490	284
490	339
491	440
492	182
493	87
493	165
494	493
494	494
494	366
494	367
494	12
494	10
495	244
495	245
496	495
497	4
498	168
498	171
499	432
499	12
499	10
500	496
500	497
500	498
500	313
501	347
501	348
502	454
503	499
504	29
504	23
504	64
504	90
504	28
505	247
505	248
505	109
506	500
507	501
507	502
507	68
507	503
508	357
508	17
509	163
509	371
509	370
510	141
510	70
510	125
511	91
511	64
511	90
511	29
512	504
512	111
512	112
512	95
513	505
513	506
513	507
514	508
515	80
515	509
516	4
516	0
517	510
517	511
518	454
519	5
520	70
520	268
520	125
520	141
521	512
521	23
521	466
521	29
522	401
523	491
523	490
524	513
524	80
525	325
525	443
525	326
525	442
526	514
526	515
526	282
527	48
527	47
527	313
527	50
528	516
528	517
528	518
529	519
529	520
530	521
531	92
531	522
532	299
532	300
533	430
534	94
534	523
534	524
534	525
535	145
536	526
536	527
536	522
537	528
537	529
537	530
538	275
538	276
539	108
539	93
539	94
539	109
539	110
540	531
540	532
541	533
542	284
542	332
543	534
543	535
544	0
545	14
545	380
546	536
546	537
546	61
547	538
548	539
548	540
549	541
549	542
549	543
550	486
550	487
551	186
552	544
552	198
553	545
553	5
554	434
554	0
555	325
555	326
556	546
557	547
557	383
558	457
558	548
558	549
558	550
559	551
559	552
559	553
559	554
560	114
560	116
561	555
561	556
562	557
562	558
563	483
563	559
564	560
564	561
565	562
565	563
566	406
566	407
566	408
567	171
567	170
567	564
568	565
568	94
569	512
569	566
569	29
570	284
570	332
571	0
571	567
572	568
572	172
572	134
573	29
574	569
575	333
576	570
577	284
577	332
577	571
578	162
578	5
579	284
579	332
580	289
581	572
581	573
581	574
582	112
582	80
582	95
583	90
583	64
583	29
584	514
584	211
585	381
586	487
586	486
587	575
587	576
587	503
587	577
588	578
588	579
588	580
588	419
589	581
589	521
590	582
590	583
591	4
592	584
592	585
593	529
593	528
593	431
593	586
594	587
595	588
595	589
595	590
596	473
596	591
596	474
596	592
596	593
597	372
598	284
599	594
599	244
600	534
600	535
601	82
601	190
601	83
601	84
602	17
603	332
604	91
604	64
604	90
604	29
605	595
605	172
605	134
605	132
606	401
606	596
606	80
606	597
606	598
606	599
607	14
607	380
608	9
608	5
609	534
609	600
610	601
611	12
611	10
612	602
612	603
613	140
613	64
613	90
613	29
614	163
614	604
615	605
615	606
616	504
616	111
616	112
616	95
617	162
617	5
618	607
618	340
619	608
619	15
620	609
621	476
621	610
621	10
621	366
621	367
622	432
622	611
622	12
622	10
623	612
623	613
623	614
624	132
624	130
624	444
624	445
624	134
625	615
625	616
625	617
626	38
626	618
627	619
627	289
628	387
628	388
628	102
628	141
629	325
629	620
629	326
630	621
630	395
630	396
631	622
632	284
633	266
634	286
634	87
635	38
635	623
635	624
636	625
636	4
636	439
637	350
638	302
638	305
638	372
639	427
639	428
640	494
640	493
640	366
640	367
640	12
640	10
641	124
641	626
641	627
642	454
643	628
643	629
643	630
644	631
645	211
645	632
646	305
646	372
646	302
647	628
647	629
647	633
647	634
648	468
648	145
649	635
649	636
649	637
650	638
650	639
650	640
651	168
651	171
652	390
652	139
653	641
653	642
654	596
654	80
654	597
654	401
654	599
655	427
655	428
656	427
656	428
657	234
658	643
658	644
659	645
660	646
660	647
661	472
662	284
662	332
663	613
663	648
663	612
664	140
664	64
664	90
664	29
665	439
666	649
666	650
666	651
667	150
667	652
667	653
667	654
668	655
668	656
668	657
669	658
669	659
670	382
670	0
671	660
671	661
672	662
672	173
673	595
673	172
673	134
673	132
673	133
674	288
674	289
675	663
675	664
676	285
676	665
677	285
678	285
679	525
679	523
679	524
679	94
680	434
680	0
681	24
681	666
681	667
681	668
681	669
681	670
681	29
682	671
682	672
682	673
683	354
683	674
684	481
684	82
684	84
685	168
685	171
686	608
686	675
686	676
686	15
687	333
687	677
687	678
688	112
688	80
689	679
689	680
690	681
691	434
691	0
692	599
692	682
692	598
692	597
693	356
693	355
694	406
694	407
694	408
694	409
694	410
695	111
695	16
695	112
695	95
696	38
696	92
697	186
697	683
698	14
698	17
699	50
700	684
700	56
701	685
701	686
701	687
701	688
701	689
702	690
702	691
702	692
702	375
702	672
703	693
704	51
704	177
705	694
706	695
706	327
706	330
706	696
707	697
707	150
708	379
709	698
709	699
710	521
710	700
710	581
711	701
711	78
711	76
711	71
712	11
713	702
713	703
713	704
713	10
714	372
714	705
714	302
714	629
714	305
715	5
715	706
715	9
715	545
716	662
716	173
716	707
717	14
717	604
718	708
718	709
719	710
719	711
719	313
720	712
720	713
721	80
721	597
721	112
721	714
721	715
722	588
722	589
722	95
723	716
723	717
723	718
724	588
724	719
724	70
725	720
725	254
726	38
726	721
726	722
727	723
727	171
728	426
728	419
728	724
728	424
729	725
729	726
729	727
730	702
730	703
731	728
731	729
732	372
732	730
732	731
732	732
732	733
733	734
733	10
733	367
733	735
733	736
734	737
734	132
734	738
734	577
735	234
735	162
735	739
735	17
736	740
736	741
737	186
737	683
738	168
738	171
738	742
739	346
739	743
740	622
741	302
741	372
741	305
742	372
742	302
742	705
742	305
742	629
743	710
743	313
744	38
744	623
744	721
744	624
745	622
746	744
747	346
747	743
748	745
748	746
748	747
748	748
749	476
749	610
750	749
751	741
751	350
751	750
751	751
752	749
753	565
753	94
754	429
754	713
755	752
755	753
755	754
756	755
756	432
756	756
756	12
756	10
757	11
758	205
758	206
758	453
758	512
758	29
759	444
759	132
759	757
760	619
760	758
760	289
761	759
761	760
762	761
762	520
762	519
763	14
764	186
764	683
765	762
765	401
766	763
766	764
767	765
767	766
767	767
767	768
768	769
768	770
768	29
769	702
769	703
770	771
771	212
771	211
772	772
772	773
773	774
774	702
774	703
774	775
775	776
775	777
775	778
776	677
776	333
777	779
777	780
777	781
778	432
778	782
778	12
778	10
779	783
780	313
780	496
781	333
782	784
782	87
783	496
783	313
784	406
784	407
785	785
786	786
786	705
786	628
786	629
787	787
787	788
787	789
788	790
788	791
789	658
789	659
790	792
790	793
790	794
791	1
792	702
792	703
792	795
793	431
794	796
794	797
795	80
795	112
796	798
796	799
796	800
797	801
797	802
797	803
798	804
798	805
798	806
798	807
798	808
799	809
799	810
799	811
799	812
800	813
801	173
801	662
802	814
803	523
803	524
803	815
803	94
803	525
804	90
804	64
804	140
804	29
805	605
805	419
805	816
806	342
807	227
808	817
809	818
809	819
809	820
809	821
810	0
810	434
811	519
811	520
811	761
812	358
812	359
812	822
813	705
813	628
813	629
814	248
815	612
815	649
815	650
816	382
816	0
817	488
818	823
819	432
819	12
819	10
820	613
820	612
820	824
820	648
821	605
821	419
821	825
822	826
822	827
822	419
822	828
822	829
823	830
823	831
823	325
823	326
824	314
825	832
825	833
825	834
825	447
825	835
826	836
826	837
827	430
828	838
828	473
828	474
828	839
828	593
828	592
829	840
829	841
829	542
830	842
830	172
830	134
831	14
831	17
831	843
832	4
833	112
833	95
834	844
834	814
835	845
836	425
836	76
836	846
836	701
837	434
837	0
838	520
838	519
839	38
839	623
839	624
840	434
840	0
841	847
841	206
841	848
841	849
841	29
841	850
842	851
842	852
842	853
843	1
843	0
844	854
844	855
844	50
845	325
845	856
845	326
846	301
846	254
846	857
847	858
848	859
848	491
848	490
849	131
849	568
849	134
850	859
850	491
850	490
851	860
851	861
851	862
851	863
852	486
852	487
853	512
853	864
853	865
853	29
854	866
854	867
855	825
855	605
856	481
856	868
856	84
857	13
857	5
858	13
858	869
859	712
859	713
860	870
861	13
861	871
861	869
862	710
862	313
863	13
863	869
864	568
864	172
864	134
865	872
865	873
865	874
865	875
865	876
866	877
866	878
866	879
866	880
867	705
867	629
867	244
868	881
868	882
869	883
869	884
870	702
870	703
870	885
870	795
871	642
871	886
872	887
873	101
874	888
875	889
875	890
875	205
875	68
876	891
877	595
877	134
877	132
878	547
878	383
879	892
879	893
879	145
879	894
880	721
880	38
881	145
881	895
881	896
882	737
882	132
883	390
883	139
884	897
885	681
886	898
886	899
886	793
887	521
887	581
887	319
887	165
888	710
888	313
889	900
889	901
890	902
890	903
890	904
890	905
891	906
891	907
891	908
892	909
892	910
892	911
893	186
894	70
894	268
894	125
894	912
894	141
895	913
895	914
895	915
896	406
896	407
896	408
896	409
896	410
897	346
897	743
898	916
899	917
899	918
899	919
900	78
900	920
900	76
900	71
901	170
902	921
902	922
903	923
904	836
904	924
904	925
905	692
905	690
906	805
906	806
906	804
906	807
906	808
907	926
907	927
907	19
907	928
908	929
908	930
909	858
910	690
910	691
910	672
910	375
911	702
911	703
911	931
912	244
913	932
914	744
915	933
916	681
917	321
918	625
918	4
918	565
918	439
919	280
919	20
919	934
920	20
920	599
921	842
921	172
921	134
922	935
922	936
923	765
924	588
924	589
924	590
925	90
925	64
925	29
926	424
926	419
926	937
926	826
927	938
927	939
927	707
928	940
928	826
928	827
928	829
928	828
929	941
929	942
929	943
929	944
930	945
930	946
930	947
931	325
931	326
931	830
931	948
932	949
932	950
933	951
933	952
933	953
933	954
934	439
934	4
934	625
935	842
935	172
935	134
935	955
936	538
937	538
937	956
938	514
939	957
939	958
940	959
940	960
941	516
941	517
942	961
942	962
943	612
943	963
944	964
945	965
945	966
945	967
945	968
946	539
946	540
947	969
947	970
948	971
948	940
948	827
948	972
948	826
948	419
949	973
949	82
949	974
949	975
950	976
950	977
951	662
951	173
951	978
952	771
953	301
953	254
953	857
954	434
954	979
955	882
955	881
955	980
956	981
956	165
956	521
956	76
957	589
957	588
958	528
958	317
959	982
959	983
959	112
959	504
959	95
960	984
960	985
960	986
960	987
961	988
961	989
962	990
962	94
963	890
963	206
964	698
964	991
964	992
964	84
965	993
966	432
966	994
966	995
966	10
967	996
968	997
968	998
969	739
969	234
969	162
970	13
971	999
971	737
972	1000
972	626
972	24
972	627
972	512
972	1001
972	29
973	771
973	529
974	1002
974	1003
975	80
975	1004
975	1005
976	1006
976	0
976	434
977	900
977	901
978	570
979	806
979	805
979	804
979	808
980	177
981	1007
981	1008
981	1009
982	843
982	17
983	305
983	372
983	302
984	70
985	431
985	5
985	8
985	416
986	1010
986	969
986	1011
987	150
987	652
987	653
987	654
988	855
988	1012
988	50
988	61
989	671
989	1013
989	672
989	691
989	690
990	1014
990	17
991	284
991	332
992	1015
992	1016
992	1017
992	25
993	1018
993	1019
993	1020
993	1021
993	1022
994	619
994	289
995	570
996	1023
996	1024
997	1025
997	1026
998	431
998	1027
998	1028
999	961
999	962
1000	1029
1001	900
1001	901
1002	662
1002	173
1003	612
1003	613
1003	648
1004	1030
1005	604
1005	163
1006	1031
1007	1032
1007	1033
1007	1034
1008	612
1008	648
1009	1035
1009	267
1009	1036
1010	761
1010	1037
1010	520
1010	519
1011	186
1012	1001
1012	1038
1012	25
1012	1015
1012	29
1013	1039
1013	1040
1013	1041
1014	900
1014	901
1014	1042
1015	1043
1016	1
1016	0
1017	1044
1017	1045
1018	112
1018	714
1018	80
1019	761
1019	1037
1019	520
1019	519
1020	568
1020	1046
1020	134
1021	177
1022	1047
1022	481
1022	82
1023	698
1023	992
1023	699
1024	186
1025	1048
1025	1049
1026	544
1026	198
1027	434
1027	0
1028	1050
1029	1051
1029	1051
1030	199
1030	200
1030	201
1030	202
1031	1052
1031	1053
1032	763
1032	764
1033	899
1034	1054
1034	7
1034	1055
1035	82
1035	190
1035	83
1035	84
1036	703
1036	702
1037	703
1037	702
1038	1056
1038	1057
1038	71
1039	771
1039	529
1040	13
1041	132
1041	737
1042	996
1043	212
1043	211
1044	371
1045	1058
1045	1059
1046	1023
1046	1060
1047	901
1047	900
1048	111
1048	1061
1049	15
1050	1062
1051	1063
1052	844
1052	1064
1052	1065
1052	1066
1052	16
1053	662
1053	173
1053	978
1054	481
1054	1047
1054	82
1055	698
1055	992
1055	699
1056	581
1056	521
1056	1067
1056	1068
1056	319
1057	1069
1057	629
1058	721
1058	38
1059	305
1059	1070
1060	1071
1061	964
1061	1072
1062	171
1062	170
1062	168
1063	1014
1063	1073
1063	1074
1063	1075
1064	648
1064	613
1064	612
1065	512
1065	1001
1066	1076
1066	1077
1067	212
1067	211
1068	969
1068	970
1069	170
1069	168
1069	171
1069	112
1069	504
1069	95
1070	671
1070	1013
1070	690
1071	1078
1071	1055
1071	1079
1071	1080
1072	519
1072	520
1072	761
1072	1037
1073	424
1073	419
1073	709
1073	826
1074	604
1075	604
1075	163
1076	1081
1076	1082
1076	1083
1076	394
1076	71
1077	1084
1077	576
1078	710
1078	1085
1078	313
1079	1086
1079	1087
1080	1088
1081	1089
1081	953
1081	1090
1081	954
1082	844
1082	814
1083	621
1083	387
1084	439
1085	285
1086	534
1086	1091
1086	535
1087	9
1087	5
1087	88
1088	1092
1089	494
1090	1093
1090	1094
1091	1095
1092	796
1092	797
1092	1096
1093	588
1093	589
1093	1097
1093	1098
1094	1099
1094	1100
1094	1101
1094	1102
1095	141
1095	387
1096	714
1096	80
1097	12
1097	432
1097	10
1098	951
1098	1089
1098	953
1098	954
1099	1103
1100	1104
1100	168
1100	170
1100	171
1101	779
1101	780
1101	781
1102	1105
1103	205
1103	1000
1103	1106
1103	453
1103	29
1104	1107
1104	1108
1105	70
1106	80
1106	1109
1106	112
1106	714
1107	5
1107	1110
1107	9
1108	737
1108	999
1109	1111
1109	1112
1109	1113
1110	604
1110	1114
1110	15
1111	1115
1111	17
1112	1115
1112	17
1113	1116
1113	1117
1113	1118
1113	1119
1114	340
1115	1120
1115	764
1116	444
1116	1121
1116	999
1117	1122
1117	1123
1117	904
1117	1124
1118	1125
1118	1126
1118	1127
1118	1128
1119	1129
1120	284
1120	1130
1120	1131
1121	662
1121	173
1122	1132
1122	401
1122	16
1123	481
1123	82
1123	191
1123	1047
1124	1133
1124	1134
1125	1135
1125	446
1125	690
1126	1136
1127	1137
1127	1138
1127	741
1128	1047
1128	481
1128	82
1128	191
1128	973
1129	1139
1129	91
1130	1140
1130	1141
1131	1142
1131	1143
1131	1144
1132	1145
1132	1146
1133	1147
1133	350
1133	1148
1134	1149
1134	1150
1134	669
1134	1151
1135	1152
1135	1001
1135	25
1135	29
1136	1153
1137	1154
1137	949
1138	1155
1139	1156
1139	132
1140	809
1140	810
1140	811
1140	812
1141	434
1141	0
1142	996
1143	1089
1143	1157
1143	1090
1143	954
1144	1158
1144	1159
1144	1160
1145	703
1145	704
1145	885
1145	775
1145	702
1146	560
1146	561
1147	532
1147	1161
1147	1162
1148	1163
1148	1164
1148	126
1148	1165
1148	1166
1149	1145
1149	1146
1150	1167
1150	1168
1150	1169
1150	1170
1151	1171
1151	1172
1151	1173
1151	1174
1152	0
1152	434
1153	1045
1153	1044
1154	703
1154	704
1154	931
1154	702
1155	1105
1156	1175
1157	29
1157	140
1157	64
1157	90
1158	1176
1158	284
1158	332
1159	481
1159	82
1159	1047
1160	538
1161	1122
1161	904
1161	1123
1162	1177
1162	1178
1162	473
1162	474
1163	538
1163	1179
1164	1180
1165	1047
1165	481
1165	82
1166	900
1166	1181
1167	1182
1168	900
1168	901
1169	1045
1169	1044
1170	1155
1171	613
1171	648
1171	612
1172	1081
1172	1082
1172	1083
1172	394
1172	71
1173	900
1173	901
1174	1183
1174	1184
1175	1185
1175	0
1176	1186
1177	1187
1177	1188
1178	1189
1178	1190
1178	1191
1179	70
1179	186
1179	1192
1179	1193
1179	739
1180	901
1180	900
1181	1086
1181	1194
1182	1195
1182	827
1182	1196
1182	940
1182	419
1182	826
1183	1197
1183	126
1184	342
1184	341
1185	1198
1186	1199
1187	1087
1187	1200
1187	1201
1187	1202
1187	1203
1188	38
1189	957
1189	679
1189	680
1190	1114
1190	14
1190	15
1191	71
1191	1204
1191	76
1192	700
1192	521
1192	581
1192	319
1193	8
1193	295
1193	1205
1194	565
1194	94
1195	1206
1195	1207
1196	538
1197	1105
1198	961
1198	962
1199	11
1200	1208
1200	263
1201	1209
1201	1210
1201	771
1202	681
1203	1211
1203	1212
1204	1213
1205	186
1206	996
1207	737
1207	999
1208	396
1208	1214
1208	1215
1208	1216
1208	1217
1208	1218
1209	1219
1209	1220
1210	1221
1210	1222
1210	1223
1211	1224
1211	419
1212	186
1213	494
1214	1155
1215	1225
1215	1226
1215	407
1215	408
1215	409
1215	410
1216	1227
1216	1
1217	1228
1218	1229
1219	1026
1219	489
1219	399
1220	964
1221	737
1221	132
1222	1230
1222	1231
1223	452
1224	1232
1224	1233
1225	882
1225	881
1225	980
1226	1234
1226	1235
1226	1236
1226	1237
1227	432
1227	10
1227	12
1228	1238
1228	1239
1229	1240
1229	1241
1230	1242
1230	318
1231	1095
1232	906
1232	907
1232	908
1233	94
1233	523
1233	1243
1233	524
1233	565
1233	525
1234	1244
1234	174
1234	1245
1234	285
1234	1246
1234	1247
1234	665
1235	1090
1235	1157
1235	1089
1235	954
1236	1182
1237	924
1237	1248
1237	650
1238	538
1238	956
1239	172
1240	1249
1240	1250
1240	1141
1240	1251
1241	1252
1241	1253
1242	1254
1243	1255
1243	1256
1243	1257
1244	285
1245	1258
1245	1259
1246	335
1246	1260
1247	476
1247	610
1248	1261
1249	1182
1250	199
1250	625
1250	439
1250	201
1251	1262
1252	1263
1252	1264
1253	14
1254	168
1254	170
1254	1104
1254	439
1254	171
1255	171
1255	170
1255	168
1256	996
1257	581
1257	521
1257	700
1257	319
1258	163
1259	542
1259	840
1259	1265
1260	141
1260	1266
1260	387
1261	1060
1262	0
1262	434
1263	629
1263	601
1263	101
1263	244
1264	186
1265	1267
1265	70
1266	295
1266	1205
1266	8
1267	1268
1267	1269
1267	1270
1267	1271
1267	1272
1268	698
1268	992
1268	699
1269	1273
1270	1274
1270	595
1270	1046
1270	134
1270	132
1271	305
1271	302
1271	372
1271	787
1271	1275
1271	186
1272	589
1272	588
1273	17
1273	1115
1274	1268
1274	1269
1274	1270
1274	1272
1274	12
1275	1276
1275	101
1275	452
1276	313
1276	710
1276	1085
1276	965
1277	1069
1277	588
1277	629
1278	1277
1278	289
1278	588
1279	244
1280	4
1280	439
1280	625
1281	786
1281	629
1281	1278
1281	1279
1281	1280
1282	1281
1282	326
1283	601
1283	1282
1284	234
1284	17
1285	61
1285	855
1285	1012
1286	1283
1286	371
1287	70
1287	629
1287	1284
1287	1285
1287	739
1288	12
1288	432
1288	10
1289	111
1289	1061
1290	13
1291	1286
1291	1287
1291	1288
1291	1289
1292	1290
1292	1291
1292	1292
1292	1293
1292	419
1292	1294
1293	1295
1293	1296
1293	1297
1293	1298
1294	11
1295	1299
1295	1300
1295	1301
1296	1221
1296	1223
1296	1222
1297	825
1297	605
1298	1302
1298	17
1299	842
1299	172
1299	955
1300	1303
1301	1304
1301	1305
1301	1306
1301	1307
1301	1308
1301	1309
1302	1310
1303	982
1303	983
1303	112
1303	1311
1303	95
1304	1001
1304	512
1304	24
1304	1000
1304	626
1305	1197
1305	126
1306	1183
1306	1184
1307	170
1308	170
1309	1312
1309	1313
1310	985
1310	986
1310	430
1311	1314
1311	881
1311	882
1312	1315
1313	1155
1314	538
1314	956
1315	1156
1315	132
1316	1316
1316	1317
1317	172
1317	842
1317	1318
1318	1319
1318	317
1319	836
1319	1320
1320	1321
1320	1322
1320	1323
1321	1324
1322	171
1322	168
1323	1325
1323	1326
1324	1327
1324	1328
1325	479
1325	1329
1326	1330
1327	1331
1327	1332
1327	986
1327	1333
1328	613
1328	612
1329	434
1330	1268
1330	234
1330	1272
1330	739
1331	346
1331	743
1332	745
1332	746
1332	747
1332	748
1333	1334
1333	1044
1334	787
1334	302
1334	1275
1334	372
1334	305
1334	186
1335	900
1335	901
1336	38
1336	1335
1337	1336
1338	721
1338	38
1339	432
1339	10
1339	12
1340	1208
1340	263
1341	1337
1341	1338
1341	1339
1342	1340
1342	1146
1342	1341
1343	168
1344	1342
1344	186
1344	480
1345	284
1345	332
1346	785
1346	1343
1347	1344
1347	1345
1348	11
1349	1346
1350	619
1350	289
1351	29
1351	140
1351	64
1351	90
1352	14
1353	1103
1353	1347
1354	1348
1354	1061
1354	111
1355	1262
1356	1349
1356	10
1356	12
1357	1350
1357	10
1357	12
1358	662
1358	173
1359	1351
1360	1351
1361	1095
1362	1352
1362	1353
1363	1354
1363	904
1363	1123
1364	1355
1364	1356
1364	70
1364	702
1365	779
1365	780
1365	781
1366	737
1366	132
1367	1357
1367	780
1367	781
1368	140
1368	64
1368	90
1368	29
1369	1358
1369	769
1370	1359
1370	1360
1370	1361
1370	1362
1371	804
1371	805
1371	806
1371	808
1372	1363
1372	1364
1373	1365
1373	17
1373	504
1374	1366
1374	1367
1375	1221
1375	1223
1376	382
1376	0
1377	1355
1377	1356
1377	1368
1377	702
1377	1369
1378	1370
1378	1371
1379	1372
1379	1373
1379	1374
1379	1375
1379	1376
1380	1167
1380	1168
1380	1169
1380	1170
1381	1355
1381	1356
1381	702
1381	1369
1381	1377
1382	1087
1382	1200
1382	1378
1382	1379
1382	1380
1382	1381
1382	1202
1383	1228
1384	1382
1385	1383
1385	0
1386	1315
1387	494
1387	1384
1388	582
1388	1385
1389	112
1390	1386
1390	1387
1390	489
1391	1388
1391	1389
1391	61
1391	101
1392	14
1393	1363
1393	1364
1394	382
1394	0
1395	140
1395	64
1395	90
1395	29
1396	17
1397	70
1397	702
1398	771
1398	1210
1398	1209
1398	529
1399	1310
1400	1314
1400	881
1400	882
1401	1064
1401	1390
1401	1391
1402	1392
1403	1393
1403	47
1403	49
1403	48
1403	50
1404	13
1404	1394
1405	1395
1405	1139
1405	1001
1405	25
1405	29
1406	973
1406	82
1407	996
1407	61
1408	434
1408	0
1409	1156
1409	70
1409	1193
1409	1192
1410	900
1410	901
1411	5
1411	88
1411	1396
1411	9
1412	1397
1413	38
1413	624
1414	1139
1415	785
1415	38
1416	1398
1416	1399
1417	900
1417	901
1418	1400
1418	1401
1418	1356
1419	983
1419	588
1419	589
1419	95
1420	1402
1421	965
1421	1085
1421	710
1421	313
1422	900
1422	901
1423	429
1423	1403
1424	1404
1424	1405
1424	1406
1425	612
1425	697
1425	1407
1426	80
1426	1408
1427	1268
1427	1269
1427	1271
1427	1272
1428	1409
1429	771
1429	1410
1429	1411
1430	13
1430	1394
1430	1412
1431	1413
1431	1414
1432	1415
1432	886
1433	111
1433	1348
1433	1061
1434	13
1435	13
1435	1394
1436	1416
1436	1417
1436	1035
1437	996
1437	61
1438	1418
1438	1419
1438	1141
1438	1251
1439	1116
1439	1117
1439	1118
1439	1119
1440	1420
1440	966
1440	968
1441	285
1441	665
1441	174
1442	1421
1442	1422
1443	1059
1444	1423
1444	523
1444	524
1444	94
1444	525
1445	941
1445	1424
1445	943
1446	1425
1446	1426
1446	1427
1447	1139
1447	1152
1447	1428
1447	25
1447	29
1448	13
1448	1394
1449	1429
1449	1430
1450	698
1450	1431
1450	588
1450	589
1451	1432
1452	1433
1452	1434
1453	809
1453	1435
1453	811
1453	812
1454	1436
1454	326
1454	1437
1455	1382
1455	1438
1455	1439
1456	1440
1456	434
1457	1441
1457	662
1457	173
1458	1442
1459	1197
1459	126
1460	1086
1460	1443
1460	1194
1461	1095
1461	1444
1462	1366
1463	1445
1463	379
1464	1446
1464	351
1465	1018
1465	1019
1465	1020
1465	1021
1465	1447
1465	1022
1466	1223
1466	1221
1466	1222
1467	1448
1467	1449
1467	1450
1468	1381
1468	1380
1468	263
1468	262
1468	1087
1468	1202
1469	1451
1469	882
1469	1090
1469	1452
1469	954
1470	1453
1470	1454
1471	171
1471	170
1471	168
1471	564
1472	1455
1472	1456
1472	1457
1473	956
1473	538
1474	1440
1474	1458
1474	434
1475	1177
1475	1178
1475	473
1475	474
1476	662
1476	538
1476	173
1477	1459
1478	1460
1478	24
1478	29
1479	1310
1480	1315
1480	1461
1481	1462
1482	965
1482	1463
1482	711
1482	313
1482	1085
1483	401
1483	1003
1483	1132
1483	16
1484	1464
1484	1465
1484	1466
1485	516
1485	517
1485	518
1486	1467
1486	1468
1486	1469
1487	1470
1487	206
1487	205
1487	29
1488	702
1488	703
1488	1356
1488	795
1488	931
1488	1471
1489	1355
1489	1356
1489	703
1489	1472
1489	702
1490	1138
1490	751
1490	741
1491	1473
1491	1474
1492	619
1492	758
1493	494
1494	772
1494	773
1495	1171
1496	484
1496	485
1496	1475
1496	1476
1496	1477
1497	787
1497	305
1497	302
1497	1275
1497	372
1497	186
1498	1032
1498	1478
1499	1479
1499	1480
1499	1481
1500	210
1500	208
1500	1482
1500	1483
1501	842
1501	172
1501	1484
1501	955
1502	284
1502	1130
1503	1485
1503	1486
1503	434
1504	1229
1504	1487
1505	1069
1505	629
1505	1488
1506	1489
1506	226
1507	700
1507	521
1507	581
1507	319
1508	1386
1508	1387
1508	489
1509	626
1509	1490
1509	24
1509	627
1509	512
1509	1001
1509	29
1510	844
1510	588
1510	589
1510	16
1510	814
1511	737
1511	132
1511	112
1512	24
1512	626
1512	627
1512	1001
1512	1490
1512	512
1512	29
1513	1491
1513	1492
1513	1493
1514	321
1514	38
1515	804
1515	805
1515	806
1515	808
1516	439
1516	1494
1516	625
1516	199
1516	201
1517	1495
1517	1087
1518	771
1519	1496
1520	1167
1520	1168
1520	1169
1520	1170
1521	1167
1521	1168
1521	1169
1521	1170
1522	1167
1522	1168
1522	1169
1522	1170
1523	1497
1523	1498
1524	1499
1524	901
1524	1500
1524	1501
1524	1502
1525	662
1525	173
1526	1503
1526	1504
1527	901
1528	1505
1529	1506
1529	139
1530	737
1530	168
1530	171
1531	1101
1531	70
1531	1102
1532	1471
1532	703
1533	1507
1533	1508
1533	1379
1533	1087
1533	1381
1533	1380
1533	1202
1534	1147
1534	350
1534	1148
1535	90
1535	29
1536	956
1536	538
1537	284
1537	332
1537	1509
1538	1510
1538	1511
1539	1512
1539	1513
1540	1514
1540	1261
1541	212
1541	313
1541	211
1542	1515
1542	947
1543	1183
1543	1184
1544	266
1545	499
1545	1516
1546	1182
1547	289
1548	779
1548	780
1548	781
1549	1156
1549	132
1550	1517
1550	1518
1550	1519
1550	1520
1550	483
1551	1521
1552	1503
1552	1504
1553	430
1553	1522
1554	1523
1555	1418
1555	1524
1555	1141
1555	1251
1556	1525
1556	1526
1556	1527
1557	494
1557	1384
1558	1494
1558	625
1558	439
1558	199
1558	201
1559	771
1559	1210
1560	12
1560	432
1560	10
1561	1349
1561	10
1561	12
1562	1528
1562	1529
1562	1530
1562	211
1563	1341
1563	1340
1563	1146
1564	1531
1564	1046
1564	595
1564	134
1565	1532
1565	305
1565	1533
1566	994
1566	995
1566	1534
1567	1535
1567	186
1567	1342
1568	1536
1569	1537
1569	1538
1570	1539
1570	588
1570	101
1571	1540
1571	70
1572	168
1573	82
1573	1541
1573	481
1573	1542
1573	973
1574	1485
1574	434
1575	881
1575	882
1576	1081
1576	1082
1576	1083
1576	394
1576	71
1577	1543
1577	1544
1578	61
1579	1545
1579	1546
1580	11
1580	211
1581	1299
1581	1547
1581	1548
1582	112
1582	227
1582	1549
1582	95
1583	1550
1583	1078
1583	1055
1584	1551
1584	1149
1585	1146
1585	1552
1585	1553
1586	1440
1586	434
1587	1554
1587	80
1587	112
1588	1555
1588	1556
1588	1557
1589	1558
1589	1559
1589	589
1590	1341
1590	1340
1590	1146
1591	1560
1591	783
1591	1561
1592	900
1592	901
1593	1105
1594	1562
1594	95
1594	127
1594	129
1595	163
1596	700
1596	1458
1596	1563
1597	1197
1597	1564
1597	1565
1597	1566
1597	1567
1597	1568
1598	1404
1599	1569
1599	1570
1600	1571
1600	1035
1600	15
1601	1340
1601	1146
1601	1341
1602	1572
1602	11
1603	1573
1603	1574
1604	1425
1604	1426
1604	1427
1605	1575
1605	211
1606	1576
1606	1196
1607	1577
1607	1578
1607	614
1607	1579
1608	738
1608	501
1608	931
1609	1580
1609	1581
1610	1582
1610	1583
1610	1584
1610	317
1611	1585
1612	1586
1612	1587
1612	434
1613	1588
1613	1589
1613	1590
1614	1591
1614	798
1615	1592
1615	900
1616	1428
1616	1152
1616	1139
1616	1001
1616	25
1616	29
1617	379
1618	1090
1618	1593
1618	186
1618	502
1619	1382
1620	1536
1620	480
1621	1386
1621	1026
1621	489
1622	909
1622	910
1622	911
1623	1363
1623	1364
1624	900
1624	901
1625	997
1625	998
1626	1485
1626	1486
1626	434
1627	1594
1628	1595
1629	1596
1629	1597
1630	434
1630	0
1631	1598
1631	1599
1632	285
1632	174
1632	665
1633	1600
1633	846
1633	1601
1633	76
1634	514
1635	1602
1635	1603
1636	645
1637	844
1637	814
1638	1604
1638	1123
1638	904
1639	1605
1639	1606
1639	1329
1639	479
1640	1464
1640	1466
1640	1465
1640	1607
1641	1608
1641	1609
1641	1610
1642	783
1642	1561
1643	1404
1644	1611
1644	693
1645	1612
1645	1613
1645	1614
1645	1615
1646	1616
1646	1617
1646	1340
1646	1089
1647	1618
1647	1619
1647	15
1647	14
1648	1620
1649	1482
1649	1483
1650	902
1650	903
1650	904
1650	1621
1650	1123
1651	1622
1651	1623
1651	1624
1651	1625
1652	205
1652	1626
1652	1627
1652	29
1652	206
1653	565
1653	785
1654	1628
1654	1629
1654	1630
1655	11
1656	285
1656	174
1656	665
1657	1152
1657	1001
1657	25
1657	29
1658	1350
1658	10
1658	12
1659	1359
1659	1360
1659	1361
1659	1631
1659	1632
1660	1089
1660	953
1660	1152
1660	186
1660	954
1660	29
1661	205
1661	1470
1661	1633
1661	206
1661	29
1662	965
1662	313
1662	1634
1662	1085
1663	14
1664	170
1665	1635
1665	780
1665	781
1666	1315
1667	1636
1667	1071
1667	1637
1667	1638
1668	1509
1668	284
1669	1440
1669	434
1670	29
1670	90
1670	140
1671	1639
1672	14
1673	434
1674	1479
1674	1640
1674	1641
1675	1642
1675	1360
1675	1361
1675	1643
1676	1644
1676	947
1677	1645
1677	1646
1677	1647
1677	1648
1678	956
1678	538
1679	1089
1679	1152
1679	25
1679	186
1679	954
1679	29
1680	1382
1680	1438
1680	1439
1681	1416
1681	1417
1681	1035
1682	13
1683	1649
1683	1650
1683	1651
1683	1652
1683	1653
1683	378
1683	1654
1684	1655
1684	1010
1685	1656
1685	1657
1686	1540
1686	70
1687	432
1688	1549
1688	112
1688	227
1688	95
1689	90
1689	29
1690	545
1690	5
1690	1110
1690	9
1690	1658
1691	1659
1691	234
1691	1014
1691	17
1692	1644
1692	947
1693	1310
1693	1660
1693	1661
1694	1662
1694	1663
1695	1619
1695	15
1696	1664
1696	1665
1696	1666
1697	205
1697	1626
1697	626
1697	1152
1697	29
1697	453
1698	1485
1698	1486
1698	434
1699	1667
1699	1668
1700	953
1700	1090
1701	1523
1702	1669
1702	1670
1703	1355
1703	1146
1703	70
1703	702
1703	795
1704	1421
1704	1422
1704	25
1705	923
1706	174
1706	665
1706	285
1707	1671
1707	1672
1707	1673
1707	650
1708	1069
1708	1559
1708	629
1708	1488
1709	721
1709	38
1710	203
1710	1674
1710	1675
1711	1515
1711	1644
1711	947
1712	1676
1712	516
1712	517
1712	1677
1712	1678
1712	1679
1713	771
1714	1071
1714	1637
1714	1636
1715	1499
1715	901
1715	1680
1715	1500
1715	1501
1715	1502
1716	1681
1716	1682
1716	38
1717	1463
1717	1461
1717	1683
1718	738
1718	931
1719	721
1720	1018
1720	1019
1720	1684
1720	1021
1720	1447
1720	1022
1721	1685
1721	1686
1721	948
1721	856
1722	1290
1722	1292
1722	1294
1722	1687
1722	1293
1723	1688
1724	1531
1724	1274
1724	1046
1724	134
1724	132
1725	1063
1726	1069
1727	1689
1727	1690
1727	1691
1728	406
1728	1692
1728	1693
1729	1694
1729	1695
1729	1696
1729	1697
1729	1698
1729	1699
1730	1700
1730	1180
1731	519
1731	1701
1731	520
1732	1440
1732	1486
1732	434
1733	965
1733	313
1733	1085
1733	711
1734	372
1735	1702
1736	1341
1736	1340
1736	1089
1737	892
1737	1703
1738	1704
1738	1705
1738	1706
1739	285
1740	1485
1740	1486
1740	434
1741	581
1741	15
1742	931
1742	501
1742	738
1743	658
1743	783
1744	1090
1744	953
1744	1089
1744	502
1745	836
1745	1320
1746	1616
1746	1089
1746	1617
1746	1340
1746	1146
1747	1471
1747	703
1748	1354
1748	1123
1748	904
1749	1707
1749	1708
1750	1709
1750	434
1751	1061
1751	1348
1752	168
1752	171
1752	1710
1752	658
1753	1319
1753	528
1753	317
1754	170
1755	1711
1755	1015
1756	1192
1756	1193
1757	1712
1757	1498
1758	900
1758	901
1758	1713
1759	0
1759	1714
1759	434
1760	1575
1760	211
1761	1715
1761	1716
1762	1717
1762	1718
1763	1719
1764	1720
1764	1721
1765	1722
1766	901
1766	1723
1766	900
1767	612
1767	29
1768	1174
1768	1173
1768	1171
1769	1354
1769	904
1769	1123
1770	306
1770	1479
1770	0
1770	1724
1770	1725
1771	1726
1771	413
1771	414
1771	1727
1772	1044
1772	1728
1773	901
1773	900
1773	1723
1774	1729
1774	1730
1774	1731
1775	1711
1775	1015
1776	1732
1776	1733
1777	1734
1777	846
1777	76
1777	71
1778	205
1778	1626
1778	1735
1778	29
1779	1592
1779	1736
1779	1737
1779	900
1780	961
1780	1738
1780	1739
1781	1109
1781	1740
1781	1135
1782	227
1782	1740
1782	1210
1782	1109
1782	80
1782	1549
1782	112
1782	95
1783	1450
1783	1449
1783	1448
1784	1741
1785	1074
1785	128
1785	1014
1785	1742
1786	1743
1786	1744
1786	1745
1787	1485
1787	434
1788	1703
1788	894
1788	1746
1789	1268
1789	1747
1789	1272
1789	1748
1790	1749
1790	434
1791	662
1792	1352
1792	1750
1792	1353
1793	1383
1793	0
1794	1751
1794	1752
1795	1440
1795	1486
1795	434
1796	595
1796	131
1796	134
1797	1268
1797	1747
1797	1272
1797	1748
1798	1531
1798	134
1798	1046
1799	882
1799	1451
1799	1452
1799	1090
1799	954
1800	1753
1800	1754
1801	20
1801	599
1802	582
1802	1755
1802	1756
1802	1757
1802	1758
1803	901
1803	1759
1803	900
1803	1760
1804	112
1805	1761
1805	1762
1805	1763
1805	23
1806	1764
1806	1765
1806	1766
1807	1767
1808	1152
1808	1001
1808	25
1808	29
1809	1156
1809	132
1810	1768
1810	798
1810	1769
1811	1499
1811	1770
1811	901
1811	1500
1811	1502
1812	923
1813	494
1813	1771
1813	70
1814	13
1814	1772
1815	159
1815	112
1815	95
1816	955
1816	1540
1816	70
1816	1773
1817	1774
1818	1775
1818	737
1818	1776
1819	90
1819	29
1820	1777
1821	1778
1821	1440
1821	434
1822	1312
1823	1685
1823	1779
1823	1780
1823	1781
1824	700
1824	981
1824	1563
1824	1782
1825	1591
1825	798
1825	1783
1826	1784
1827	1382
1828	1512
1828	1513
1829	981
1829	700
1829	1785
1829	1786
1830	703
1830	1471
1831	1509
1831	284
1832	1787
1832	1788
1833	900
1833	901
1833	1789
1834	1479
1834	1640
1834	1641
1835	581
1835	1458
1835	434
1836	434
1836	0
1837	1649
1837	1654
1837	1651
1837	378
1838	1314
1838	881
1838	1790
1838	882
1839	1341
1839	1340
1839	1089
1839	576
1839	1146
1840	1354
1840	904
1840	1123
1841	1709
1841	1486
1841	132
1841	434
1842	1791
1842	425
1843	1792
1843	1793
1843	1794
1843	1795
1843	1796
1843	1797
1843	1798
1843	1570
1844	1386
1844	1026
1844	489
1844	1799
1845	1800
1845	1801
1845	1802
1846	1350
1846	10
1846	1803
1846	12
1847	1152
1847	1188
1847	25
1847	29
1848	737
1848	1804
1848	112
1848	95
1849	467
1850	1468
1850	1467
1850	1469
1851	1805
1851	1806
1851	1807
1852	881
1852	1808
1852	1809
1852	1810
1852	1811
1852	882
1853	1812
1853	1813
1854	1341
1854	1089
1854	186
1854	1146
1855	1349
1855	10
1855	12
1856	1814
1857	1815
1857	1816
1858	1170
1858	1169
1858	1167
1858	1168
1859	581
1859	1485
1859	434
1860	1817
1860	1818
1860	1819
1861	1820
1862	451
1862	1821
1862	1822
1862	1823
1863	1824
1863	173
1864	1045
1864	1440
1864	581
1864	434
1865	289
1865	1702
1866	1038
1866	1015
1866	25
1867	1575
1867	1825
1868	846
1868	76
1868	1600
1868	1601
1869	665
1869	1246
1869	1826
1869	1827
1870	1828
1871	1749
1871	1440
1871	434
1872	1829
1872	17
1872	1830
1873	1831
1873	401
1873	629
1874	13
1875	256
1875	1832
1875	1833
1876	1834
1876	655
1876	1835
1876	1836
1877	1837
1877	1619
1877	15
1878	1114
1878	14
1878	50
1879	1156
1879	132
1879	80
1880	1228
1881	1503
1881	1504
1882	1471
1882	1838
1882	703
1883	1681
1883	1682
1883	38
1884	1468
1884	1469
1885	1839
1885	1840
1886	1841
1886	521
1886	1067
1886	700
1887	349
1888	1116
1888	1842
1888	1118
1888	1119
1889	1843
1889	1844
1889	1845
1890	1846
1890	1847
1891	1495
1891	1087
1892	1355
1892	1146
1892	1848
1892	1849
1892	1850
1892	1851
1892	1852
1892	1377
1892	702
1893	1853
1893	1064
1894	1854
1894	1855
1895	396
1895	1856
1895	621
1895	395
1896	1605
1896	1606
1896	1857
1896	1329
1897	1858
1897	430
1897	1859
1898	1787
1898	1788
1898	1486
1899	205
1899	453
1899	1626
1899	1860
1899	206
1899	29
1900	1861
1900	1862
1900	1863
1900	1864
1900	1865
1901	700
1901	521
1901	1563
1902	1866
1902	126
1902	1867
1902	1868
1903	721
1904	1869
1904	425
1905	1870
1905	1871
1905	1872
1906	1471
1906	1873
1906	703
1907	1874
1907	1479
1907	844
1908	1341
1908	953
1908	1089
1908	1146
1909	1875
1909	1141
1909	1251
1910	1876
1910	1877
1911	1878
1911	1879
1912	1880
1912	1881
1912	1882
1913	1197
1913	1751
1913	1566
1913	1883
1914	421
1915	1828
1916	1650
1916	1884
1916	1885
1916	1649
1916	1654
1917	1886
1917	1887
1917	1888
1918	1889
1918	1890
1918	576
1919	901
1919	1723
1919	900
1920	1891
1920	1892
1920	861
1921	1879
1921	1878
1922	1893
1922	1894
1923	379
1924	29
1924	24
1924	1895
1924	1896
1924	1897
1924	1898
1924	90
1924	1116
1925	1899
1925	50
1926	38
1926	721
1927	1116
1927	29
1928	1900
1928	1901
1928	1902
1928	1903
1929	1904
1929	1612
1929	1614
1930	721
1930	38
1931	1707
1931	1708
1932	1900
1933	1900
1934	1559
1934	1558
1934	589
1935	1540
1935	70
1935	1905
1935	955
1936	1906
1936	1517
1936	483
1937	452
1937	1907
1937	1276
1938	1908
1938	843
1939	1104
1940	13
1941	797
1941	796
1942	1471
1942	1909
1942	68
1942	703
1943	1517
1943	1910
1943	483
1944	1911
1944	707
1945	1912
1945	1913
1945	19
1946	1650
1946	1654
1946	1649
1947	346
1947	1914
1947	1915
1948	842
1948	1484
1948	172
1949	1916
1949	1330
1950	1516
1950	499
1951	1917
1951	1918
1951	1919
1952	1920
1952	1921
1953	1922
1954	11
1954	1923
1954	211
1955	1749
1955	1440
1955	1485
1955	581
1955	1486
1955	434
1956	1592
1956	1924
1956	900
1956	1789
1957	1119
1958	1863
1958	1925
1958	1861
1959	1926
1959	1927
1959	1928
1959	1929
1960	1930
1960	1931
1960	1932
1961	1933
1961	1934
1961	1682
1961	38
1962	1935
1962	1936
1963	581
1963	521
1963	1937
1964	1938
1964	1939
1964	1830
1965	1940
1965	1941
1965	1356
1965	702
1966	1940
1966	1942
1966	1943
1966	1356
1966	1944
1967	1485
1967	434
1968	1485
1968	434
1969	1735
1969	1152
1969	25
1969	29
1970	581
1970	434
1971	1748
1971	1747
1971	1268
1971	1945
1971	1272
1972	1946
1972	1947
1973	1948
1973	1949
1974	923
1975	1950
1975	1951
1975	1952
1975	1953
1976	1741
1977	1954
1977	971
1978	1809
1978	1810
1978	1811
1978	882
1979	1955
1979	1956
1980	1957
1980	900
1981	1340
1981	1146
1981	1341
1982	1958
1982	954
1982	1340
1982	1090
1982	1089
1983	1959
1984	1516
1985	1960
1985	1961
1985	1962
1985	1963
1986	1964
1986	1965
1986	1966
1986	1967
1986	206
1987	901
1987	1723
1987	900
1988	1774
1989	1968
1989	1969
1990	1970
1990	627
1990	25
1990	626
1990	29
1991	1971
1991	1972
1991	387
1992	1973
1992	1974
1993	1975
1993	1976
1993	1977
1994	1978
1994	1979
1995	1499
1995	1770
1995	901
1995	1500
1995	1502
1996	1
1997	1980
1997	1981
1997	1982
1998	1517
1998	483
1999	1983
1999	1984
2000	1828
2001	1985
2001	1485
2001	434
2002	1986
2002	1987
2003	1158
2004	796
2004	733
2004	797
2005	1824
2005	173
2006	1988
2006	1989
2006	76
2006	71
2007	1587
2007	434
2008	1990
2008	1991
2009	1418
2009	1419
2010	1767
2010	1371
2011	1879
2011	1878